function [ numSensor ] = reorderSensorNumbering()
%REORDERSENSORNUMBERING Summary of this function goes here
%   Detailed explanation goes here
  numSensor = [1, 8, 7, 6, 5, 4, 3, 2, 11, 10, 9, 13, 12, 15, 14, 17, 16,... 
       18, 20, 19, 21, 22, 23, 25, 24, 26, 27, 28, 29, 30, 31, 32, 33, 34,... 
       35, 36, 37, 38, 39, 40, 41, 42, 43, 44, 45, 46, 47, 48, 49, 50, 51,... 
       52, 53, 54, 55, 56, 57, 58, 59, 60, 61, 62, 63, 64, 65, 66, 67, 68,... 
       69, 70, 71, 72, 73, 74, 75, 76, 77, 78, 79, 80, 81, 82, 83, 84, 85,... 
       86, 256, 87, 255, 88, 254, 89, 253, 90, 252, 91, 251, 92, 250, 93,... 
       249, 94, 248, 95, 247, 96, 246, 97, 245, 98, 244, 99, 243, 100, 242,... 
       101, 241, 102, 240, 103, 239, 104, 238, 105, 237, 106, 236, 107, 235,... 
       108, 234, 109, 233, 110, 232, 111, 231, 112, 230, 113, 229, 114, 228,... 
       115, 227, 116, 226, 117, 225, 118, 224, 119, 223, 120, 222, 121, 221,... 
       122, 220, 123, 219, 124, 218, 125, 217, 126, 216, 127, 215, 128, 214,... 
       129, 213, 130, 212, 131, 211, 132, 210, 133, 209, 134, 208, 135, 207,... 
       136, 206, 137, 205, 138, 204, 139, 203, 140, 202, 141, 201, 142, 200,... 
       143, 199, 144, 198, 145, 197, 146, 196, 147, 148, 194, 195, 149, 193,... 
       150, 192, 151, 191, 152, 153, 189, 190, 154, 188, 155, 156, 186, 187,... 
       157, 158, 184, 185, 159, 160, 182, 183, 161, 162, 163, 179, 180, 181,... 
       164, 165, 166, 167, 168, 169, 170, 172, 173, 174, 175, 176, 177, 178,... 
       171]; 

end

